header: 
  seq: 115700
  stamp: 
    secs: 1480566650
    nsecs: 991000000
  frame_id: /camera
height: 1024
width: 1280
distortion_model: plumb_bob
D: [-0.2849331110317556, 0.08414552232410719, -0.0001954157624987138, 1.156928280822441e-05, 0.0]
K: [876.6696869482506, 0.0, 641.474789020357, 0.0, 876.061675156031, 484.4027190618026, 0.0, 0.0, 1.0]
R: [1.0, 0.0, 0.0, 0.0, 1.0, 0.0, 0.0, 0.0, 1.0]
P: [726.9279174804688, 0.0, 641.6001485831948, 0.0, 0.0, 780.8873291015625, 476.6300440742198, 0.0, 0.0, 0.0, 1.0, 0.0]
binning_x: 0
binning_y: 0
roi: 
  x_offset: 0
  y_offset: 0
  height: 0
  width: 0
  do_rectify: False
---

